                          IBox                           NSIA                           NVAC            CascadeCenter_X(LU)            CascadeCenter_Y(LU)            CascadeCenter_Z(LU)       maxVACDistanceToCent(LU)       RSIADistributeToCent(LU)           ROutAbsorbToCent(LU)
                             1                          10000                             40              -3.1880845138E-01               1.7697466793E+01              -1.3977749725E+01               2.2198896072E+01               1.0000000000E+02               2.0000000000E+02
                             2                          10000                             40              -3.1880845138E-01               1.7697466793E+01              -1.3977749725E+01               2.2198896072E+01               1.0000000000E+02               2.0000000000E+02
                             3                          10000                             40              -3.1880845138E-01               1.7697466793E+01              -1.3977749725E+01               2.2198896072E+01               1.0000000000E+02               2.0000000000E+02
                             4                          10000                             40              -3.1880845138E-01               1.7697466793E+01              -1.3977749725E+01               2.2198896072E+01               1.0000000000E+02               2.0000000000E+02
                             5                          10000                             40              -3.1880845138E-01               1.7697466793E+01              -1.3977749725E+01               2.2198896072E+01               1.0000000000E+02               2.0000000000E+02
                             6                          10000                             40              -3.1880845138E-01               1.7697466793E+01              -1.3977749725E+01               2.2198896072E+01               1.0000000000E+02               2.0000000000E+02
                             7                          10000                             40              -3.1880845138E-01               1.7697466793E+01              -1.3977749725E+01               2.2198896072E+01               1.0000000000E+02               2.0000000000E+02
                             8                          10000                             40              -3.1880845138E-01               1.7697466793E+01              -1.3977749725E+01               2.2198896072E+01               1.0000000000E+02               2.0000000000E+02
                             9                          10000                             40              -3.1880845138E-01               1.7697466793E+01              -1.3977749725E+01               2.2198896072E+01               1.0000000000E+02               2.0000000000E+02
                            10                          10000                             40              -3.1880845138E-01               1.7697466793E+01              -1.3977749725E+01               2.2198896072E+01               1.0000000000E+02               2.0000000000E+02
                            11                          10000                             40              -3.1880845138E-01               1.7697466793E+01              -1.3977749725E+01               2.2198896072E+01               1.0000000000E+02               2.0000000000E+02
                            12                          10000                             40              -3.1880845138E-01               1.7697466793E+01              -1.3977749725E+01               2.2198896072E+01               1.0000000000E+02               2.0000000000E+02
                            13                          10000                             40              -3.1880845138E-01               1.7697466793E+01              -1.3977749725E+01               2.2198896072E+01               1.0000000000E+02               2.0000000000E+02
                            14                          10000                             40              -3.1880845138E-01               1.7697466793E+01              -1.3977749725E+01               2.2198896072E+01               1.0000000000E+02               2.0000000000E+02
                            15                          10000                             40              -3.1880845138E-01               1.7697466793E+01              -1.3977749725E+01               2.2198896072E+01               1.0000000000E+02               2.0000000000E+02
                            16                          10000                             40              -3.1880845138E-01               1.7697466793E+01              -1.3977749725E+01               2.2198896072E+01               1.0000000000E+02               2.0000000000E+02
                            17                          10000                             40              -3.1880845138E-01               1.7697466793E+01              -1.3977749725E+01               2.2198896072E+01               1.0000000000E+02               2.0000000000E+02
                            18                          10000                             40              -3.1880845138E-01               1.7697466793E+01              -1.3977749725E+01               2.2198896072E+01               1.0000000000E+02               2.0000000000E+02
                            19                          10000                             40              -3.1880845138E-01               1.7697466793E+01              -1.3977749725E+01               2.2198896072E+01               1.0000000000E+02               2.0000000000E+02
                            20                          10000                             40              -3.1880845138E-01               1.7697466793E+01              -1.3977749725E+01               2.2198896072E+01               1.0000000000E+02               2.0000000000E+02
                            21                          10000                             40              -3.1880845138E-01               1.7697466793E+01              -1.3977749725E+01               2.2198896072E+01               1.0000000000E+02               2.0000000000E+02
                            22                          10000                             40              -3.1880845138E-01               1.7697466793E+01              -1.3977749725E+01               2.2198896072E+01               1.0000000000E+02               2.0000000000E+02
                            23                          10000                             40              -3.1880845138E-01               1.7697466793E+01              -1.3977749725E+01               2.2198896072E+01               1.0000000000E+02               2.0000000000E+02
                            24                          10000                             40              -3.1880845138E-01               1.7697466793E+01              -1.3977749725E+01               2.2198896072E+01               1.0000000000E+02               2.0000000000E+02
                            25                          10000                             40              -3.1880845138E-01               1.7697466793E+01              -1.3977749725E+01               2.2198896072E+01               1.0000000000E+02               2.0000000000E+02
                            26                          10000                             40              -3.1880845138E-01               1.7697466793E+01              -1.3977749725E+01               2.2198896072E+01               1.0000000000E+02               2.0000000000E+02
                            27                          10000                             40              -3.1880845138E-01               1.7697466793E+01              -1.3977749725E+01               2.2198896072E+01               1.0000000000E+02               2.0000000000E+02
                            28                          10000                             40              -3.1880845138E-01               1.7697466793E+01              -1.3977749725E+01               2.2198896072E+01               1.0000000000E+02               2.0000000000E+02
                            29                          10000                             40              -3.1880845138E-01               1.7697466793E+01              -1.3977749725E+01               2.2198896072E+01               1.0000000000E+02               2.0000000000E+02
                            30                          10000                             40              -3.1880845138E-01               1.7697466793E+01              -1.3977749725E+01               2.2198896072E+01               1.0000000000E+02               2.0000000000E+02
                            31                          10000                             40              -3.1880845138E-01               1.7697466793E+01              -1.3977749725E+01               2.2198896072E+01               1.0000000000E+02               2.0000000000E+02
                            32                          10000                             40              -3.1880845138E-01               1.7697466793E+01              -1.3977749725E+01               2.2198896072E+01               1.0000000000E+02               2.0000000000E+02
                            33                          10000                             40              -3.1880845138E-01               1.7697466793E+01              -1.3977749725E+01               2.2198896072E+01               1.0000000000E+02               2.0000000000E+02
                            34                          10000                             40              -3.1880845138E-01               1.7697466793E+01              -1.3977749725E+01               2.2198896072E+01               1.0000000000E+02               2.0000000000E+02
                            35                          10000                             40              -3.1880845138E-01               1.7697466793E+01              -1.3977749725E+01               2.2198896072E+01               1.0000000000E+02               2.0000000000E+02
                            36                          10000                             40              -3.1880845138E-01               1.7697466793E+01              -1.3977749725E+01               2.2198896072E+01               1.0000000000E+02               2.0000000000E+02
                            37                          10000                             40              -3.1880845138E-01               1.7697466793E+01              -1.3977749725E+01               2.2198896072E+01               1.0000000000E+02               2.0000000000E+02
                            38                          10000                             40              -3.1880845138E-01               1.7697466793E+01              -1.3977749725E+01               2.2198896072E+01               1.0000000000E+02               2.0000000000E+02
                            39                          10000                             40              -3.1880845138E-01               1.7697466793E+01              -1.3977749725E+01               2.2198896072E+01               1.0000000000E+02               2.0000000000E+02
                            40                          10000                             40              -3.1880845138E-01               1.7697466793E+01              -1.3977749725E+01               2.2198896072E+01               1.0000000000E+02               2.0000000000E+02
                            41                          10000                             40              -3.1880845138E-01               1.7697466793E+01              -1.3977749725E+01               2.2198896072E+01               1.0000000000E+02               2.0000000000E+02
                            42                          10000                             40              -3.1880845138E-01               1.7697466793E+01              -1.3977749725E+01               2.2198896072E+01               1.0000000000E+02               2.0000000000E+02
                            43                          10000                             40              -3.1880845138E-01               1.7697466793E+01              -1.3977749725E+01               2.2198896072E+01               1.0000000000E+02               2.0000000000E+02
                            44                          10000                             40              -3.1880845138E-01               1.7697466793E+01              -1.3977749725E+01               2.2198896072E+01               1.0000000000E+02               2.0000000000E+02
                            45                          10000                             40              -3.1880845138E-01               1.7697466793E+01              -1.3977749725E+01               2.2198896072E+01               1.0000000000E+02               2.0000000000E+02
                            46                          10000                             40              -3.1880845138E-01               1.7697466793E+01              -1.3977749725E+01               2.2198896072E+01               1.0000000000E+02               2.0000000000E+02
                            47                          10000                             40              -3.1880845138E-01               1.7697466793E+01              -1.3977749725E+01               2.2198896072E+01               1.0000000000E+02               2.0000000000E+02
                            48                          10000                             40              -3.1880845138E-01               1.7697466793E+01              -1.3977749725E+01               2.2198896072E+01               1.0000000000E+02               2.0000000000E+02
                            49                          10000                             40              -3.1880845138E-01               1.7697466793E+01              -1.3977749725E+01               2.2198896072E+01               1.0000000000E+02               2.0000000000E+02
                            50                          10000                             40              -3.1880845138E-01               1.7697466793E+01              -1.3977749725E+01               2.2198896072E+01               1.0000000000E+02               2.0000000000E+02
                            51                          10000                             40              -3.1880845138E-01               1.7697466793E+01              -1.3977749725E+01               2.2198896072E+01               1.0000000000E+02               2.0000000000E+02
                            52                          10000                             40              -3.1880845138E-01               1.7697466793E+01              -1.3977749725E+01               2.2198896072E+01               1.0000000000E+02               2.0000000000E+02
                            53                          10000                             40              -3.1880845138E-01               1.7697466793E+01              -1.3977749725E+01               2.2198896072E+01               1.0000000000E+02               2.0000000000E+02
                            54                          10000                             40              -3.1880845138E-01               1.7697466793E+01              -1.3977749725E+01               2.2198896072E+01               1.0000000000E+02               2.0000000000E+02
                            55                          10000                             40              -3.1880845138E-01               1.7697466793E+01              -1.3977749725E+01               2.2198896072E+01               1.0000000000E+02               2.0000000000E+02
                            56                          10000                             40              -3.1880845138E-01               1.7697466793E+01              -1.3977749725E+01               2.2198896072E+01               1.0000000000E+02               2.0000000000E+02
                            57                          10000                             40              -3.1880845138E-01               1.7697466793E+01              -1.3977749725E+01               2.2198896072E+01               1.0000000000E+02               2.0000000000E+02
                            58                          10000                             40              -3.1880845138E-01               1.7697466793E+01              -1.3977749725E+01               2.2198896072E+01               1.0000000000E+02               2.0000000000E+02
                            59                          10000                             40              -3.1880845138E-01               1.7697466793E+01              -1.3977749725E+01               2.2198896072E+01               1.0000000000E+02               2.0000000000E+02
                            60                          10000                             40              -3.1880845138E-01               1.7697466793E+01              -1.3977749725E+01               2.2198896072E+01               1.0000000000E+02               2.0000000000E+02
                            61                          10000                             40              -3.1880845138E-01               1.7697466793E+01              -1.3977749725E+01               2.2198896072E+01               1.0000000000E+02               2.0000000000E+02
                            62                          10000                             40              -3.1880845138E-01               1.7697466793E+01              -1.3977749725E+01               2.2198896072E+01               1.0000000000E+02               2.0000000000E+02
                            63                          10000                             40              -3.1880845138E-01               1.7697466793E+01              -1.3977749725E+01               2.2198896072E+01               1.0000000000E+02               2.0000000000E+02
                            64                          10000                             40              -3.1880845138E-01               1.7697466793E+01              -1.3977749725E+01               2.2198896072E+01               1.0000000000E+02               2.0000000000E+02
                            65                          10000                             40              -3.1880845138E-01               1.7697466793E+01              -1.3977749725E+01               2.2198896072E+01               1.0000000000E+02               2.0000000000E+02
                            66                          10000                             40              -3.1880845138E-01               1.7697466793E+01              -1.3977749725E+01               2.2198896072E+01               1.0000000000E+02               2.0000000000E+02
                            67                          10000                             40              -3.1880845138E-01               1.7697466793E+01              -1.3977749725E+01               2.2198896072E+01               1.0000000000E+02               2.0000000000E+02
                            68                          10000                             40              -3.1880845138E-01               1.7697466793E+01              -1.3977749725E+01               2.2198896072E+01               1.0000000000E+02               2.0000000000E+02
                            69                          10000                             40              -3.1880845138E-01               1.7697466793E+01              -1.3977749725E+01               2.2198896072E+01               1.0000000000E+02               2.0000000000E+02
                            70                          10000                             40              -3.1880845138E-01               1.7697466793E+01              -1.3977749725E+01               2.2198896072E+01               1.0000000000E+02               2.0000000000E+02
                            71                          10000                             40              -3.1880845138E-01               1.7697466793E+01              -1.3977749725E+01               2.2198896072E+01               1.0000000000E+02               2.0000000000E+02
                            72                          10000                             40              -3.1880845138E-01               1.7697466793E+01              -1.3977749725E+01               2.2198896072E+01               1.0000000000E+02               2.0000000000E+02
                            73                          10000                             40              -3.1880845138E-01               1.7697466793E+01              -1.3977749725E+01               2.2198896072E+01               1.0000000000E+02               2.0000000000E+02
                            74                          10000                             40              -3.1880845138E-01               1.7697466793E+01              -1.3977749725E+01               2.2198896072E+01               1.0000000000E+02               2.0000000000E+02
                            75                          10000                             40              -3.1880845138E-01               1.7697466793E+01              -1.3977749725E+01               2.2198896072E+01               1.0000000000E+02               2.0000000000E+02
                            76                          10000                             40              -3.1880845138E-01               1.7697466793E+01              -1.3977749725E+01               2.2198896072E+01               1.0000000000E+02               2.0000000000E+02
                            77                          10000                             40              -3.1880845138E-01               1.7697466793E+01              -1.3977749725E+01               2.2198896072E+01               1.0000000000E+02               2.0000000000E+02
                            78                          10000                             40              -3.1880845138E-01               1.7697466793E+01              -1.3977749725E+01               2.2198896072E+01               1.0000000000E+02               2.0000000000E+02
                            79                          10000                             40              -3.1880845138E-01               1.7697466793E+01              -1.3977749725E+01               2.2198896072E+01               1.0000000000E+02               2.0000000000E+02
                            80                          10000                             40              -3.1880845138E-01               1.7697466793E+01              -1.3977749725E+01               2.2198896072E+01               1.0000000000E+02               2.0000000000E+02
