&BOXOKMC18
&TIME           (in s)      0.0000000E+00
&ISTEP                      0
&IPATCH                     1
&ITIMESECTION               1
 
&LATT     lattice length(in A):      3.1652000E+00
&BOXLOW                (in LU):      -8.0000E+02    -8.0000E+02    -8.0000E+02
&BOXSIZE               (in LU):      1.6000E+03     1.6000E+03     1.6000E+03
&NGRAIN        0
!                Seed ID          x(LU)          y(LU)          z(LU)
&BOXSEINDEX                IBox      SEUsedIndexFrom        SEUsedIndexTo      SEExpdIndexFrom        SEExpdIndexTo   SEVirtualIndexFrom     SEVirtualIndexTo
&BOXSEDATA                    1                    1                  160                    1                  160                    1                  160
&ELEMENT               H              HE               W              VC
&TYPE            IBox           Layer         GBSeed1         GBSeed2           Statu         Record1         Record2           x(LU)           y(LU)           z(LU)               H              HE               W              VC
                    1               1               0               0               1               1               0      3.6049E+01     -5.7343E+00     -5.1073E+01               0               0               1               0
                    1               1               0               0               1               2               0      6.6265E+00      1.1210E+01     -1.5124E+01               0               0               0               1
                    1               1               0               0               1               3               0      5.2970E-01     -4.6009E+00     -2.5545E+01               0               0               1               0
                    1               1               0               0               1               4               0      1.1079E+01      1.5883E+01     -2.1633E+01               0               0               0               1
                    1               1               0               0               1               5               0     -1.8029E+00      1.4062E+01     -4.4048E+01               0               0               1               0
                    1               1               0               0               1               6               0     -3.2823E+01     -4.5915E+00     -7.2368E+01               0               0               0               1
                    1               1               0               0               1               7               0     -1.3214E+01     -2.4819E+01      7.0265E+00               0               0               1               0
                    1               1               0               0               1               8               0      3.1477E+00     -3.1882E+01      6.2827E-01               0               0               0               1
                    1               1               0               0               1               9               0     -5.5415E+01      5.8187E+00      5.2360E+01               0               0               1               0
                    1               1               0               0               1              10               0      1.2867E+01     -1.6909E+01     -3.3802E+01               0               0               0               1
                    1               1               0               0               1              11               0     -1.9259E+01      1.5566E+01      2.0447E+01               0               0               1               0
                    1               1               0               0               1              12               0     -2.7866E+01     -2.0479E+00     -2.5702E+01               0               0               0               1
                    1               1               0               0               1              13               0     -2.6705E+01      1.6551E+01     -4.5442E+01               0               0               1               0
                    1               1               0               0               1              14               0     -5.3461E+01      2.4154E+01      3.4258E+01               0               0               0               1
                    1               1               0               0               1              15               0     -5.9256E-01     -2.2014E-01     -1.1826E-01               0               0               1               0
                    1               1               0               0               1              16               0     -2.8057E+01      3.0894E+01      4.6212E+00               0               0               0               1
                    1               1               0               0               1              17               0      6.7731E+00     -4.5204E+00     -1.0520E+00               0               0               1               0
                    1               1               0               0               1              18               0      2.7427E+01     -7.4688E+00      3.0730E+01               0               0               0               1
                    1               1               0               0               1              19               0     -6.5207E+00      4.5502E+01      2.1560E+01               0               0               1               0
                    1               1               0               0               1              20               0     -1.3159E+01     -4.9516E+00     -2.0721E+01               0               0               0               1
                    1               1               0               0               1              21               0      2.2979E+01      2.8530E+01      6.0524E+01               0               0               1               0
                    1               1               0               0               1              22               0     -5.3155E+00     -2.5946E+00      2.1261E+01               0               0               0               1
                    1               1               0               0               1              23               0     -2.0359E+01      1.8743E+01     -3.5032E+01               0               0               1               0
                    1               1               0               0               1              24               0      5.9049E+01     -2.0844E+01      3.6925E+01               0               0               0               1
                    1               1               0               0               1              25               0      7.4509E+00     -2.6334E+01     -1.4998E+01               0               0               1               0
                    1               1               0               0               1              26               0      3.7432E+01      5.4715E+01      4.2493E+01               0               0               0               1
                    1               1               0               0               1              27               0     -6.5843E+00      5.7860E+00      5.7538E+01               0               0               1               0
                    1               1               0               0               1              28               0      6.6863E-01     -2.2071E+00     -3.9486E+00               0               0               0               1
                    1               1               0               0               1              29               0     -4.3271E+01      4.9682E+01     -4.4029E+01               0               0               1               0
                    1               1               0               0               1              30               0     -2.1690E-01      1.0478E+01     -2.8337E+01               0               0               0               1
                    1               1               0               0               1              31               0     -7.7351E+00     -5.5667E+01      1.4587E+00               0               0               1               0
                    1               1               0               0               1              32               0      4.7101E+00     -4.6859E+01      3.3203E+01               0               0               0               1
                    1               1               0               0               1              33               0     -1.4722E+01      2.2000E+01      1.5918E+01               0               0               1               0
                    1               1               0               0               1              34               0      2.6034E+00     -1.8526E+01     -1.5634E+01               0               0               0               1
                    1               1               0               0               1              35               0      1.1941E-01      9.5201E+00      7.2669E+01               0               0               1               0
                    1               1               0               0               1              36               0      7.8735E-01     -2.7644E-02     -8.7546E+00               0               0               0               1
                    1               1               0               0               1              37               0      9.6762E+00     -2.1568E+01     -6.6530E+01               0               0               1               0
                    1               1               0               0               1              38               0     -8.0192E+00      3.9517E+00      4.3980E+00               0               0               0               1
                    1               1               0               0               1              39               0      1.6789E+01     -6.6030E+01      2.7354E+01               0               0               1               0
                    1               1               0               0               1              40               0     -4.5453E+00      3.5208E+00     -3.8099E+01               0               0               0               1
                    1               1               0               0               1              41               0     -2.5406E+01      1.5980E+01      9.8805E+00               0               0               1               0
                    1               1               0               0               1              42               0      4.6269E+01      5.0829E+00     -4.7297E+01               0               0               0               1
                    1               1               0               0               1              43               0     -2.0418E+01     -1.3790E+01     -2.4749E+00               0               0               1               0
                    1               1               0               0               1              44               0     -2.2690E+01     -3.5189E+01     -1.5985E+01               0               0               0               1
                    1               1               0               0               1              45               0     -3.4015E+01      7.2360E+00      5.7482E+00               0               0               1               0
                    1               1               0               0               1              46               0      2.4115E+00      3.1218E+01     -2.5303E+01               0               0               0               1
                    1               1               0               0               1              47               0     -5.7276E+00      2.8588E+00     -9.0383E+00               0               0               1               0
                    1               1               0               0               1              48               0     -2.7357E+00      4.0541E-01      4.3297E+00               0               0               0               1
                    1               1               0               0               1              49               0      6.7460E+00     -4.3500E+01     -3.6013E+01               0               0               1               0
                    1               1               0               0               1              50               0      1.1604E+01      2.9864E+01      6.3297E+01               0               0               0               1
                    1               1               0               0               1              51               0     -1.6391E+00     -1.3756E+01      6.7865E+01               0               0               1               0
                    1               1               0               0               1              52               0     -3.4443E-01     -2.5109E+00      1.0677E+01               0               0               0               1
                    1               1               0               0               1              53               0      2.6375E+01     -3.5905E+01      6.3056E+01               0               0               1               0
                    1               1               0               0               1              54               0     -1.5948E+00      2.1571E+01     -5.2973E+01               0               0               0               1
                    1               1               0               0               1              55               0     -2.1410E+00     -3.2783E+01      7.2931E+01               0               0               1               0
                    1               1               0               0               1              56               0     -1.8835E+01      1.4163E+01     -2.4142E+01               0               0               0               1
                    1               1               0               0               1              57               0     -2.2412E-01      1.4841E+00     -2.0350E+01               0               0               1               0
                    1               1               0               0               1              58               0     -9.4947E+00     -6.8517E+00      9.0734E+00               0               0               0               1
                    1               1               0               0               1              59               0      2.5029E+00      5.4924E-01      6.0475E+00               0               0               1               0
                    1               1               0               0               1              60               0     -8.6195E+00      8.8854E+00      4.3483E+01               0               0               0               1
                    1               1               0               0               1              61               0     -2.5751E+01     -6.6381E+00      4.3577E+01               0               0               1               0
                    1               1               0               0               1              62               0      6.1381E+01      2.9153E+01     -9.3036E+00               0               0               0               1
                    1               1               0               0               1              63               0     -8.0450E+00     -8.3698E-01     -9.9654E-01               0               0               1               0
                    1               1               0               0               1              64               0     -1.1531E+01      1.2292E+01     -6.6505E+01               0               0               0               1
                    1               1               0               0               1              65               0      1.3793E+00     -5.6692E+01      1.6707E+01               0               0               1               0
                    1               1               0               0               1              66               0     -3.8510E+01     -4.4732E+01     -5.3346E+01               0               0               0               1
                    1               1               0               0               1              67               0      2.0744E+00      3.4616E+00     -1.0361E+01               0               0               1               0
                    1               1               0               0               1              68               0     -3.7831E+01     -3.5830E+01     -3.7882E+01               0               0               0               1
                    1               1               0               0               1              69               0     -1.5090E+01      3.3516E+01     -4.4709E+01               0               0               1               0
                    1               1               0               0               1              70               0     -4.2821E+01     -1.8256E+00      2.2971E+01               0               0               0               1
                    1               1               0               0               1              71               0     -4.4542E+00     -3.2650E-01     -3.5371E+01               0               0               1               0
                    1               1               0               0               1              72               0     -5.1090E+00      3.6688E+01      5.8225E+01               0               0               0               1
                    1               1               0               0               1              73               0      1.9263E+01     -9.9422E+00      8.9026E-01               0               0               1               0
                    1               1               0               0               1              74               0     -1.5513E+01      1.2853E+01      1.6911E+01               0               0               0               1
                    1               1               0               0               1              75               0     -2.0437E+00     -1.0456E+01      1.7054E+01               0               0               1               0
                    1               1               0               0               1              76               0      2.5301E+00      2.2675E+00      7.5851E+01               0               0               0               1
                    1               1               0               0               1              77               0      8.5974E+00      6.3946E-01      1.0781E+01               0               0               1               0
                    1               1               0               0               1              78               0      1.3469E+00     -4.0745E+00      5.0506E+01               0               0               0               1
                    1               1               0               0               1              79               0      1.3172E+00      2.1487E+01     -1.0399E+01               0               0               1               0
                    1               1               0               0               1              80               0     -1.4647E+01     -1.1785E+00      2.9658E+01               0               0               0               1
                    1               1               0               0               1              81               0      1.8188E+00      9.3440E-01     -1.4569E+01               0               0               1               0
                    1               1               0               0               1              82               0      1.6674E+01     -1.7649E+01     -3.6157E+01               0               0               0               1
                    1               1               0               0               1              83               0      5.2518E+00      1.7145E+00      5.3420E+01               0               0               1               0
                    1               1               0               0               1              84               0     -5.6577E+00     -1.4610E+01     -1.4446E+01               0               0               0               1
                    1               1               0               0               1              85               0      1.7402E+01     -4.2117E+01      3.2910E+01               0               0               1               0
                    1               1               0               0               1              86               0      1.5939E+01      3.4272E+00     -6.6458E+00               0               0               0               1
                    1               1               0               0               1              87               0     -4.6667E+01      2.2473E+01      2.9372E+01               0               0               1               0
                    1               1               0               0               1              88               0     -2.7680E+00      9.4949E-01     -1.8910E+01               0               0               0               1
                    1               1               0               0               1              89               0     -1.0431E+00      4.6200E+00     -1.4969E+01               0               0               1               0
                    1               1               0               0               1              90               0      2.2003E-01     -1.7128E-01      4.3457E+01               0               0               0               1
                    1               1               0               0               1              91               0     -1.9701E+01     -7.7545E+00     -1.5024E+01               0               0               1               0
                    1               1               0               0               1              92               0      3.7484E+01      1.7988E+01      4.2935E+00               0               0               0               1
                    1               1               0               0               1              93               0     -9.9800E-01     -1.1669E+01     -5.3382E+01               0               0               1               0
                    1               1               0               0               1              94               0      1.5622E+01      3.5858E+01      5.4832E+01               0               0               0               1
                    1               1               0               0               1              95               0     -4.7027E+01      3.0373E+01     -1.4879E+01               0               0               1               0
                    1               1               0               0               1              96               0      3.7667E+00     -1.4762E+01     -3.5454E+01               0               0               0               1
                    1               1               0               0               1              97               0      1.5214E+00      4.8860E+00      1.9489E+00               0               0               1               0
                    1               1               0               0               1              98               0      6.8992E-02      1.3997E+00      1.2959E+01               0               0               0               1
                    1               1               0               0               1              99               0      2.5067E+00      1.3776E+00      2.8750E+00               0               0               1               0
                    1               1               0               0               1             100               0      1.9711E+01     -2.7433E+01      3.1913E+01               0               0               0               1
                    1               1               0               0               1             101               0     -1.6392E+01      2.9075E+00     -7.6777E+01               0               0               1               0
                    1               1               0               0               1             102               0      2.6299E+00     -3.6577E+00      1.3652E+00               0               0               0               1
                    1               1               0               0               1             103               0      1.8471E+00     -7.5866E+00     -9.4629E+00               0               0               1               0
                    1               1               0               0               1             104               0      9.1438E+00      3.4059E+00     -4.5389E+01               0               0               0               1
                    1               1               0               0               1             105               0     -1.1799E+00     -6.9011E+00      4.2123E+00               0               0               1               0
                    1               1               0               0               1             106               0      1.2386E+01      2.3309E+01      1.9601E+00               0               0               0               1
                    1               1               0               0               1             107               0      2.7276E+01      4.5286E+01      3.9858E+01               0               0               1               0
                    1               1               0               0               1             108               0     -1.9042E+01      6.2109E+00     -1.5699E+00               0               0               0               1
                    1               1               0               0               1             109               0      3.6232E-01      1.7970E+01      5.4108E+00               0               0               1               0
                    1               1               0               0               1             110               0     -1.3310E+01      3.0043E+01     -2.5416E+01               0               0               0               1
                    1               1               0               0               1             111               0      1.0446E+01     -2.2978E+01     -3.7403E+01               0               0               1               0
                    1               1               0               0               1             112               0     -2.1360E+01     -2.6965E+01     -7.8340E+00               0               0               0               1
                    1               1               0               0               1             113               0      3.0060E+00      7.0214E+00      3.9939E+00               0               0               1               0
                    1               1               0               0               1             114               0     -5.8266E+00     -1.6395E+01     -3.4450E+01               0               0               0               1
                    1               1               0               0               1             115               0      2.4412E+00      1.5639E+00      7.7229E+01               0               0               1               0
                    1               1               0               0               1             116               0     -1.8514E+01     -2.3843E+00      9.4998E+00               0               0               0               1
                    1               1               0               0               1             117               0     -1.8993E+01     -7.8032E+00     -1.6320E+01               0               0               1               0
                    1               1               0               0               1             118               0     -1.3518E+00      5.9764E+00     -6.7842E-01               0               0               0               1
                    1               1               0               0               1             119               0      5.1671E+01      2.7434E+01      4.9892E+01               0               0               1               0
                    1               1               0               0               1             120               0     -9.3154E+00     -2.2183E+00     -4.5047E+01               0               0               0               1
                    1               1               0               0               1             121               0     -2.3524E+01      9.3358E+00     -6.0951E+01               0               0               1               0
                    1               1               0               0               1             122               0     -2.5559E+00      5.6141E+01     -2.2434E+01               0               0               0               1
                    1               1               0               0               1             123               0     -2.8245E+01     -1.6785E+01     -3.9453E+01               0               0               1               0
                    1               1               0               0               1             124               0      5.5217E+01     -1.8426E+01     -3.9018E+01               0               0               0               1
                    1               1               0               0               1             125               0      4.4343E+01     -2.4745E+01     -5.2745E+01               0               0               1               0
                    1               1               0               0               1             126               0      1.2175E+01      8.4016E+00      6.5859E+00               0               0               0               1
                    1               1               0               0               1             127               0      7.4190E+01     -2.5480E+01      3.9050E+00               0               0               1               0
                    1               1               0               0               1             128               0     -4.2845E+01     -2.5959E+01      1.0785E+01               0               0               0               1
                    1               1               0               0               1             129               0     -6.3306E+00     -7.5865E+00     -2.3746E+01               0               0               1               0
                    1               1               0               0               1             130               0     -8.8654E-01      1.2982E+00     -1.0857E+01               0               0               0               1
                    1               1               0               0               1             131               0     -1.6602E+01      1.7535E+01     -7.0753E+00               0               0               1               0
                    1               1               0               0               1             132               0      5.0470E-01     -3.0222E-01     -2.0912E+01               0               0               0               1
                    1               1               0               0               1             133               0      9.6179E+00      1.6690E+01      3.3995E+01               0               0               1               0
                    1               1               0               0               1             134               0      4.6846E+01     -1.9970E+00     -5.9959E+01               0               0               0               1
                    1               1               0               0               1             135               0     -4.5738E+00     -2.0042E+01     -6.0266E+01               0               0               1               0
                    1               1               0               0               1             136               0      3.8876E+00     -2.2203E+01      3.6011E+01               0               0               0               1
                    1               1               0               0               1             137               0     -4.8106E+01      4.3861E+01     -3.5498E+01               0               0               1               0
                    1               1               0               0               1             138               0      1.7185E+01     -7.3271E+00     -1.3965E+01               0               0               0               1
                    1               1               0               0               1             139               0     -8.9934E+00     -7.8324E+00     -6.6818E+01               0               0               1               0
                    1               1               0               0               1             140               0     -2.6026E+00     -5.8918E-01      1.2589E+00               0               0               0               1
                    1               1               0               0               1             141               0      7.2575E+00     -1.3161E+01     -6.7323E+00               0               0               1               0
                    1               1               0               0               1             142               0      5.1229E+01      1.6046E+01     -7.2621E+00               0               0               0               1
                    1               1               0               0               1             143               0      6.3018E+01     -1.8766E+01     -3.5495E+01               0               0               1               0
                    1               1               0               0               1             144               0     -1.2208E+00     -1.8339E+00     -2.2446E+01               0               0               0               1
                    1               1               0               0               1             145               0     -6.3625E+01      3.0584E+01      4.6634E+00               0               0               1               0
                    1               1               0               0               1             146               0      6.2046E+01      2.3137E+01     -2.9459E+00               0               0               0               1
                    1               1               0               0               1             147               0     -8.5265E+00     -2.3935E+01      4.7055E+01               0               0               1               0
                    1               1               0               0               1             148               0     -2.6849E+00      1.5290E+01      3.3969E-01               0               0               0               1
                    1               1               0               0               1             149               0     -2.7431E+01     -5.9323E+00     -2.6786E+01               0               0               1               0
                    1               1               0               0               1             150               0      1.2674E+00      4.1365E+00      5.0638E+01               0               0               0               1
                    1               1               0               0               1             151               0     -5.8918E+00      6.4592E+01      2.9085E+01               0               0               1               0
                    1               1               0               0               1             152               0      6.3448E+01      4.8840E+00     -7.7876E+00               0               0               0               1
                    1               1               0               0               1             153               0     -3.9988E+01     -1.7793E+01      1.3479E+01               0               0               1               0
                    1               1               0               0               1             154               0      3.2702E+00      1.6275E-01      1.4014E+00               0               0               0               1
                    1               1               0               0               1             155               0     -5.3996E-02      9.4806E-02      1.0420E+00               0               0               1               0
                    1               1               0               0               1             156               0     -2.6638E+01      2.7703E+01      2.7787E+01               0               0               0               1
                    1               1               0               0               1             157               0      3.7451E+00     -2.4692E+00     -5.5433E+00               0               0               1               0
                    1               1               0               0               1             158               0     -1.4529E-01      1.3069E+00      9.3859E+00               0               0               0               1
                    1               1               0               0               1             159               0     -2.9598E+01      2.2040E+01     -2.1247E+01               0               0               1               0
                    1               1               0               0               1             160               0     -1.3305E+01     -1.1521E+00      1.4122E+00               0               0               0               1
